104.791000
18.736000
19.522000
19.465000
19.552000
19.406000
19.564000
20.218000
19.906000
19.630000
19.295000
19.056000
18.947000
18.121000
18.280000
18.448000
18.451000
18.545000
18.560000
18.335000
17.654000
18.487000
17.471000
18.815000
19.103000
19.672000
18.877000
18.556000
17.882000
18.061000
18.285000
18.235000
18.363000
18.151000
18.466000
18.225000
17.484000
16.124000
16.757000
16.220000
15.427000
15.699000
15.829000
15.183000
15.573000
15.989000
15.528000
15.582000
15.687000
15.463000
15.367000
15.242000
14.914000
14.671000
14.216000
13.604000
13.676000
13.956000
13.000000
13.353000
13.452000
13.733000
14.298000
14.749000
15.832000
15.339000
15.892000
16.753000
16.657000
16.647000
16.896000
16.909000
17.678000
16.595000
16.987000
17.306000
17.524000
17.165000
17.888000
17.114000
17.103000
16.973000
17.144000
16.977000
17.230000
17.290000
17.772000
17.314000
17.171000
17.204000
17.656000
17.053000
16.782000
17.161000
17.871000
16.974000
17.424000
17.097000
18.061000
17.484000
17.025000
17.471000
16.976000
16.941000
17.867000
17.836000
17.051000
18.456000
17.747000
18.650000
18.158000
17.757000
19.479000
19.667000
20.066000
19.648000
19.882000
19.121000
18.623000
19.195000
20.039000
19.562000
19.435000
19.417000
18.268000
17.490000
17.671000
18.316000
17.294000
17.538000
18.157000
17.810000
18.775000
18.356000
18.632000
18.849000
18.770000
19.114000
19.573000
19.313000
19.486000
19.146000
19.271000
19.086000
18.778000
18.148000
18.045000
18.005000
17.580000
17.485000
17.534000
17.569000
17.342000
17.468000
17.966000
17.838000
17.911000
18.061000
18.775000
19.144000
19.273000
19.309000
19.130000
18.734000
18.847000
18.852000
19.089000
19.263000
19.130000
19.494000
19.325000
19.386000
19.193000
19.050000
18.410000
17.884000
17.018000
18.275000
15.873000
16.669000
16.449000
16.418000
16.318000
16.402000
16.692000
17.337000
17.180000
17.316000
17.600000
17.568000
17.829000
17.372000
17.045000
16.474000
16.676000
16.726000
16.825000
17.634000
16.877000
16.785000
17.141000
17.221000
17.343000
16.862000
17.076000
17.127000
16.863000
16.847000
16.080000
16.313000
16.395000
16.412000
16.378000
16.670000
16.413000
16.789000
16.475000
15.928000
16.029000
15.944000
16.207000
16.152000
16.546000
15.215000
15.475000
15.526000
15.586000
15.668000
15.575000
15.644000
16.003000
15.746000
15.496000
15.327000
15.325000
15.913000
15.330000
15.267000
15.446000
14.864000
14.936000
15.084000
14.918000
14.853000
15.207000
15.046000
15.874000
15.257000
15.268000
15.144000
15.070000
15.017000
15.178000
15.821000
14.929000
15.035000
15.078000
15.278000
15.093000
15.171000
15.244000
15.385000
15.086000
16.095000
15.308000
15.479000
15.267000
15.207000
14.842000
15.412000
14.757000
14.826000
15.037000
15.138000
15.122000
15.932000
15.429000
15.475000
15.674000
15.321000
15.575000
15.422000
15.426000
15.034000
15.076000
15.518000
15.341000
15.298000
15.046000
15.325000
15.666000
15.037000
15.118000
15.175000
14.592000
14.993000
15.104000
15.914000
14.173000
14.408000
14.459000
14.651000
14.699000
15.001000
14.750000
15.158000
14.746000
15.181000
14.979000
14.829000
14.894000
15.917000
14.902000
14.602000
14.326000
14.920000
14.661000
14.820000
14.566000
14.713000
15.435000
14.423000
14.882000
14.856000
14.550000
14.844000
14.745000
14.964000
14.682000
14.728000
14.616000
15.442000
14.802000
14.728000
14.697000
14.252000
14.717000
14.935000
14.614000
14.689000
14.766000
15.264000
14.720000
14.430000
14.476000
14.544000
14.876000
15.003000
15.011000
15.793000
15.202000
15.168000
15.220000
15.056000
15.313000
15.009000
15.097000
15.430000
14.578000
15.377000
14.874000
14.872000
14.871000
14.950000
15.062000
15.018000
14.922000
15.027000
14.983000
15.070000
16.283000
15.299000
15.219000
14.994000
15.653000
14.278000
14.212000
14.081000
14.050000
14.077000
14.012000
13.401000
13.159000
13.725000
13.068000
13.053000
12.146000
11.599000
12.211000
11.383000
11.244000
11.028000
10.525000
10.624000
9.983000
9.157000
8.786000
8.684000
8.835000
8.895000
8.733000
8.719000
8.711000
8.742000
8.829000
8.893000
8.768000
8.731000
8.960000
8.992000
8.753000
8.626000
8.858000
8.975000
8.929000
8.867000
9.067000
8.933000
8.745000
8.787000
8.798000
8.867000
9.434000
8.712000
8.722000
8.626000
8.525000
8.732000
8.725000
8.738000
8.781000
9.293000
8.853000
8.700000
8.769000
8.343000
9.463000
8.986000
8.985000
8.710000
9.320000
9.146000
8.988000
9.709000
9.227000
9.287000
9.260000
9.310000
9.236000
9.210000
9.183000
9.002000
9.215000
10.028000
9.290000
9.320000
9.425000
9.272000
9.413000
9.389000
9.637000
9.554000
9.472000
9.425000
9.503000
9.508000
9.484000
9.360000
9.702000
9.612000
9.527000
9.384000
9.518000
9.587000
10.194000
9.836000
9.950000
10.011000
9.934000
9.927000
9.978000
10.009000
10.124000
10.027000
10.088000
10.104000
9.992000
10.023000
10.272000
10.093000
10.142000
10.117000
10.213000
10.399000
10.045000
10.107000
10.127000
10.282000
10.193000
10.220000
10.209000
10.325000
10.410000
10.397000
10.095000
9.641000
9.477000
9.600000
9.574000
9.528000
9.585000
9.365000
9.504000
9.819000
9.543000
9.510000
9.435000
9.522000
9.318000
10.169000
9.498000
9.118000
9.383000
9.435000
9.208000
10.164000
9.381000
9.306000
9.352000
9.325000
9.436000
9.392000
9.288000
9.367000
9.192000
9.878000
9.375000
8.977000
9.335000
9.291000
10.021000
9.378000
9.436000
9.436000
9.468000
9.755000
9.750000
9.750000
9.677000
9.831000
9.835000
9.770000
9.885000
9.825000
9.832000
9.802000
12.430000
9.923000
9.826000
9.797000
9.902000
9.902000
9.890000
9.908000
9.989000
9.892000
9.991000
10.407000
9.726000
9.473000
9.850000
9.470000
9.702000
9.578000
9.530000
9.587000
9.690000
10.263000
9.608000
9.526000
9.515000
9.647000
9.606000
9.537000
9.638000
9.585000
9.663000
9.590000
9.663000
9.664000
10.437000
9.760000
9.774000
9.636000
9.719000
9.797000
9.778000
9.775000
9.693000
9.952000
10.064000
10.038000
9.981000
9.942000
9.952000
9.893000
9.984000
9.946000
9.953000
10.020000
10.173000
10.951000
10.952000
10.909000
10.931000
10.866000
10.851000
10.820000
11.094000
10.885000
10.980000
10.911000
10.889000
11.289000
31.452000
20.837000
21.107000
21.813000
21.488000
21.432000
21.634000
21.640000
21.694000
21.757000
21.813000
19.822000
19.751000
19.936000
20.382000
20.151000
20.156000
20.116000
19.993000
19.605000
19.554000
20.008000
19.790000
20.289000
19.444000
19.567000
19.511000
19.596000
19.588000
19.716000
20.299000
19.783000
19.869000
20.127000
19.341000
19.473000
19.372000
19.636000
20.123000
19.095000
18.786000
19.053000
18.689000
18.946000
19.260000
18.936000
19.373000
19.099000
19.951000
18.548000
19.526000
19.044000
19.012000
18.978000
18.979000
19.130000
18.920000
18.896000
19.443000
19.013000
17.422000
18.858000
18.984000
20.212000
18.199000
18.614000
16.799000
18.032000
17.351000
17.227000
17.270000
18.147000
17.530000
17.490000
17.024000
17.358000
17.994000
16.776000
18.032000
17.079000
16.763000
17.335000
17.162000
18.147000
18.140000
18.203000
18.447000
18.349000
18.515000
18.256000
19.057000
18.442000
18.413000
18.309000
18.168000
18.022000
15.676000
15.646000
15.678000
15.860000
15.894000
16.986000
16.310000
16.470000
16.582000
16.284000
16.257000
16.513000
17.374000
16.463000
16.657000
17.003000
16.892000
17.443000
17.116000
17.205000
16.980000
16.746000
16.974000
17.028000
17.879000
17.114000
16.574000
17.846000
16.811000
16.817000
17.270000
17.384000
17.617000
17.528000
17.460000
17.737000
17.661000
17.780000
17.316000
17.497000
17.750000
17.711000
17.685000
17.354000
17.641000
16.804000
16.654000
16.790000
16.667000
17.687000
16.875000
16.922000
17.031000
16.861000
16.620000
17.207000
17.423000
16.895000
16.601000
16.668000
16.355000
17.210000
16.455000
16.263000
16.453000
17.330000
16.628000
16.732000
16.659000
16.707000
16.598000
17.221000
16.867000
16.640000
17.566000
16.947000
19.497000
19.048000
19.329000
19.333000
19.295000
19.409000
19.494000
19.634000
19.808000
19.437000
19.614000
19.492000
18.703000
18.587000
19.009000
20.196000
18.912000
18.987000
18.765000
19.655000
18.417000
19.321000
18.800000
19.043000
18.592000
18.707000
18.418000
18.267000
18.885000
18.302000
18.084000
17.959000
18.375000
18.815000
18.029000
18.457000
18.370000
18.556000
18.028000
19.156000
18.211000
17.806000
18.156000
18.290000
17.763000
17.872000
17.788000
18.215000
18.185000
18.827000
18.164000
18.171000
18.022000
18.087000
17.923000
17.886000
18.956000
17.376000
17.335000
17.454000
18.043000
17.445000
17.765000
17.445000
17.724000
18.425000
17.726000
18.019000
18.640000
17.851000
18.245000
18.017000
17.720000
17.598000
17.602000
17.768000
17.450000
18.385000
17.778000
17.818000
17.898000
18.042000
18.057000
17.958000
17.879000
17.825000
17.707000
17.752000
17.372000
17.362000
18.168000
17.541000
17.319000
17.298000
17.502000
17.529000
17.497000
17.450000
18.135000
17.340000
17.365000
17.232000
17.038000
17.226000
18.737000
18.683000
18.770000
19.053000
19.074000
18.943000
19.204000
19.017000
19.069000
19.084000
18.988000
18.952000
17.985000
17.326000
17.141000
17.178000
15.020000
15.325000
15.611000
15.605000
15.740000
15.667000
16.806000
15.957000
16.423000
15.661000
15.828000
15.935000
15.989000
15.825000
16.250000
16.457000
16.459000
16.388000
16.037000
15.976000
16.087000
16.022000
16.607000
15.977000
15.865000
16.202000
16.732000
16.062000
15.698000
17.567000
16.636000
16.779000
16.537000
16.649000
16.608000
17.174000
16.926000
17.032000
17.954000
17.314000
17.367000
17.553000
16.659000
17.719000
16.996000
17.011000
17.255000
17.299000
17.209000
17.994000
17.341000
17.294000
17.056000
17.014000
17.795000
18.392000
18.916000
18.561000
18.474000
19.281000
18.703000
18.633000
18.615000
18.739000
18.937000
18.818000
19.039000
18.771000
17.745000
16.517000
17.678000
17.006000
16.421000
17.334000
16.731000
16.974000
16.906000
17.158000
20.379000
17.157000
17.206000
17.191000
17.235000
18.070000
17.245000
17.202000
17.147000
16.985000
18.158000
17.112000
17.256000
17.535000
18.092000
17.333000
17.438000
17.399000
17.353000
18.012000
17.582000
17.302000
17.531000
18.282000
16.957000
16.954000
17.305000
17.451000
18.225000
17.858000
17.840000
17.585000
18.305000
17.824000
17.644000
11.496000
10.513000
10.632000
11.495000
12.192000
11.606000
12.235000
11.608000
11.872000
12.026000
12.180000
12.122000
12.881000
12.622000
12.756000
12.685000
13.702000
13.285000
13.387000
13.465000
13.870000
14.003000
14.157000
14.897000
13.957000
13.983000
14.247000
14.169000
14.236000
14.343000
14.198000
14.201000
14.269000
15.190000
14.416000
14.486000
14.414000
14.387000
14.604000
15.132000
14.603000
14.923000
14.508000
14.962000
15.136000
15.785000
15.343000
15.504000
15.380000
14.872000
16.006000
15.571000
15.749000
15.796000
16.110000
16.641000
16.262000
15.707000
16.899000
16.163000
16.195000
17.092000
16.315000
16.774000
16.911000
16.548000
16.799000
17.388000
16.801000
17.624000
17.267000
17.043000
17.454000
18.307000
17.683000
17.477000
17.468000
18.468000
17.914000
17.869000
18.257000
17.683000
17.978000
19.067000
17.927000
18.898000
18.630000
18.204000
19.314000
19.159000
18.493000
19.616000
18.744000
18.334000
19.337000
18.571000
18.845000
19.616000
19.099000
18.824000
20.031000
19.403000
19.762000
19.353000
19.491000
20.264000
19.664000
19.638000
20.186000
19.570000
19.461000
20.060000
20.262000
20.318000
20.641000
21.432000
20.740000
20.807000
20.841000
20.948000
21.360000
21.669000
21.158000
20.975000
20.987000
21.669000
21.236000
20.961000
22.152000
20.037000
21.131000
20.460000
20.418000
20.458000
21.321000
20.054000
20.905000
20.900000
21.052000
21.528000
20.656000
20.660000
20.906000
20.645000
20.624000
21.287000
20.723000
20.704000
20.642000
20.494000
20.445000
20.458000
21.199000
20.450000
20.442000
20.743000
20.956000
10.444000
11.009000
11.501000
11.251000
11.263000
11.782000
12.950000
12.365000
12.448000
12.805000
12.851000
12.501000
11.837000
11.950000
11.133000
10.493000
9.498000
9.640000
15.191000
14.216000
14.143000
14.388000
14.589000
14.567000
14.975000
14.436000
14.321000
13.833000
14.057000
14.644000
14.718000
14.741000
15.336000
14.490000
14.334000
14.839000
15.589000
15.191000
15.040000
14.858000
14.879000
15.695000
14.850000
14.870000
13.518000
13.888000
14.008000
14.735000
14.004000
14.066000
14.073000
14.002000
14.901000
14.752000
14.425000
14.553000
14.661000
14.958000
15.377000
15.299000
15.199000
15.446000
15.811000
16.658000
15.829000
17.035000
16.591000
16.488000
16.870000
17.097000
17.627000
16.748000
16.928000
16.959000
17.095000
16.912000
16.999000
17.873000
17.119000
16.251000
16.312000
16.722000
16.461000
17.387000
16.415000
17.004000
16.296000
18.220000
18.564000
19.262000
18.652000
18.184000
19.280000
19.994000
19.007000
18.264000
18.694000
18.378000
19.189000
18.461000
18.724000
18.580000
18.039000
18.551000
18.047000
18.488000
18.446000
18.140000
17.783000
19.652000
18.426000
17.561000
19.221000
17.863000
18.930000
18.185000
18.199000
17.601000
18.435000
18.918000
19.137000
18.459000
18.573000
18.740000
18.858000
19.113000
19.464000
18.693000
18.773000
19.060000
19.240000
19.906000
20.685000
19.942000
18.491000
18.784000
19.426000
20.111000
19.764000
15.273000
16.898000
16.532000
18.403000
17.663000
17.579000
17.383000
16.968000
18.001000
17.835000
17.316000
20.887000
19.953000
19.720000
19.678000
19.664000
18.888000
19.421000
19.438000
20.205000
19.757000
19.631000
19.418000
18.417000
17.409000
17.678000
17.923000
18.687000
18.060000
18.092000
18.258000
17.255000
18.238000
17.952000
18.079000
18.165000
18.197000
18.975000
17.983000
17.877000
17.557000
17.418000
17.314000
15.255000
14.059000
15.096000
15.452000
16.245000
16.389000
16.873000
17.349000
17.951000
17.323000
17.289000
17.575000
18.293000
17.599000
17.873000
17.715000
17.904000
18.549000
17.342000
17.368000
18.288000
17.728000
17.754000
17.902000
17.754000
18.082000
17.399000
17.394000
18.342000
17.507000
17.954000
18.624000
15.519000
14.644000
14.496000
13.236000
15.365000
16.583000
17.047000
18.050000
17.571000
17.908000
18.100000
15.105000
15.313000
16.021000
15.672000
15.552000
15.113000
15.356000
16.054000
15.931000
17.080000
17.063000
17.153000
16.783000
17.073000
16.727000
16.903000
17.161000
17.302000
17.373000
17.365000
17.377000
17.450000
17.555000
18.034000
17.303000
17.209000
17.314000
16.929000
16.876000
17.208000
16.810000
17.197000
22.586000
18.005000
17.532000
17.028000
14.030000
13.787000
15.386000
18.995000
14.528000
14.043000
13.696000
14.008000
13.727000
13.889000
14.620000
24.366000
32.390000
28.760000
34.314000
25.594000
30.084000
32.366000
30.614000
31.897000
30.914000
34.215000
30.511000
28.429000
30.809000
32.933000
28.719000
32.233000
22.561000
16.812000
16.828000
17.119000
17.154000
17.956000
31.762000
32.090000
26.981000
24.429000
20.501000
27.497000
18.004000
17.673000
25.378000
36.008000
33.588000
23.071000
18.686000
17.941000
17.943000
19.189000
26.291000
33.807000
31.389000
